60,36
58,1
58,6
58,3
59,1
59,6
59,3
57,1
57,6
57,3
60,35
10,4
10,9
10,190
10,233
10,119
10,85
10,260
10,315
11,25
11,13
11,7
11,17
9,2
9,3
8,5
8,16
8,4
8,10
8,9
8,11
8,1
8,17
8,3
51,4
51,3
51,2
51,1
51,0
50,4
50,3
50,2
50,1
50,0
49,3
49,2
49,1
49,0
20,3
20,2
20,1
19,3
19,2
19,1
12,3
12,2
12,1
11,30
11,29
11,28
11,27
11,26
11,24
11,23
11,22
11,21
11,20
11,16
11,15
11,12
11,11
11,8
11,6
11,5
11,3
11,2
11,1
10,313
10,311
10,299
10,298
10,296
10,283
10,272
10,262
10,259
10,248
10,240
10,231
10,226
10,222
10,209
10,204
10,189
10,175
10,168
10,164
10,154
10,141
10,134
10,103
10,101
10,98
10,93
10,75
10,29
10,13
10,10
10,3
10,2
10,1
9,7
9,6
9,5
9,1
9,4
